>> q10
   0.00000000000000e+00   3.00000000000000e+00
   1.50000000000000e+00   3.00000000000000e+00
   1.50000000000000e+00   2.25000000000000e+00
   1.87500000000000e+00   2.25000000000000e+00
   1.87500000000000e+00   2.06250000000000e+00
   1.96875000000000e+00   2.06250000000000e+00
   1.96875000000000e+00   2.01562500000000e+00
   1.99218750000000e+00   2.01562500000000e+00
   1.99218750000000e+00   2.00390625000000e+00
   1.99804687500000e+00   2.00390625000000e+00
   1.99804687500000e+00   2.00097656250000e+00
ans =    2.00024414062500e+00
>>
